   1.0000000e+00   1.1358727e+00
   1.0100000e+00   1.0129829e+00
   1.0200000e+00   1.0793041e+00
   1.0300000e+00   1.0304850e+00
   1.0400000e+00   1.1597657e+00
   1.0500000e+00   1.0333573e+00
   1.0600000e+00   1.0944373e+00
   1.0700000e+00   1.2207653e+00
   1.0800000e+00   1.1628843e+00
   1.0900000e+00   1.2794366e+00
   1.1000000e+00   1.1977064e+00
   1.1100000e+00   1.3232481e+00
   1.1200000e+00   1.0464031e+00
   1.1300000e+00   1.3386710e+00
   1.1400000e+00   1.5631493e+00
   1.1500000e+00   1.4364896e+00
   1.1600000e+00   1.4660963e+00
   1.1700000e+00   1.3686642e+00
   1.1800000e+00   1.4635870e+00
   1.1900000e+00   1.4496748e+00
   1.2000000e+00   1.4901708e+00
   1.2100000e+00   1.3915378e+00
   1.2200000e+00   1.4644032e+00
   1.2300000e+00   1.5738653e+00
   1.2400000e+00   1.5186917e+00
   1.2500000e+00   1.7065370e+00
   1.2600000e+00   1.9378772e+00
   1.2700000e+00   1.5238151e+00
   1.2800000e+00   1.7207092e+00
   1.2900000e+00   1.5956720e+00
   1.3000000e+00   1.8635151e+00
   1.3100000e+00   1.9226410e+00
   1.3200000e+00   1.5871212e+00
   1.3300000e+00   2.0566444e+00
   1.3400000e+00   1.7058762e+00
   1.3500000e+00   1.8717998e+00
   1.3600000e+00   2.0392759e+00
   1.3700000e+00   1.9403793e+00
   1.3800000e+00   2.2108624e+00
   1.3900000e+00   2.2469565e+00
   1.4000000e+00   2.0011257e+00
   1.4100000e+00   1.8011168e+00
   1.4200000e+00   2.0472302e+00
   1.4300000e+00   2.0030454e+00
   1.4400000e+00   2.0422986e+00
   1.4500000e+00   2.0507162e+00
   1.4600000e+00   2.1453592e+00
   1.4700000e+00   2.4031441e+00
   1.4800000e+00   2.1960875e+00
   1.4900000e+00   2.2616917e+00
   1.5000000e+00   2.3791807e+00
   1.5100000e+00   2.4143973e+00
   1.5200000e+00   2.3681893e+00
   1.5300000e+00   2.4442837e+00
   1.5400000e+00   2.5009835e+00
   1.5500000e+00   2.4298815e+00
   1.5600000e+00   2.5487816e+00
   1.5700000e+00   2.4881079e+00
   1.5800000e+00   2.4172949e+00
   1.5900000e+00   2.6547512e+00
   1.6000000e+00   2.5793953e+00
   1.6100000e+00   2.5868183e+00
   1.6200000e+00   2.6634322e+00
   1.6300000e+00   2.7698722e+00
   1.6400000e+00   2.7457186e+00
   1.6500000e+00   2.7615800e+00
   1.6600000e+00   2.8153265e+00
   1.6700000e+00   2.8256649e+00
   1.6800000e+00   2.7667097e+00
   1.6900000e+00   2.9598824e+00
   1.7000000e+00   3.1201829e+00
   1.7100000e+00   2.9410125e+00
   1.7200000e+00   3.2067496e+00
   1.7300000e+00   2.9937186e+00
   1.7400000e+00   3.0244280e+00
   1.7500000e+00   2.9804746e+00
   1.7600000e+00   3.1097464e+00
   1.7700000e+00   3.1082741e+00
   1.7800000e+00   3.2595694e+00
   1.7900000e+00   3.3951455e+00
   1.8000000e+00   3.3093674e+00
   1.8100000e+00   3.4237700e+00
   1.8200000e+00   3.5453781e+00
   1.8300000e+00   3.1159899e+00
   1.8400000e+00   3.3946233e+00
   1.8500000e+00   3.4974815e+00
   1.8600000e+00   3.5387248e+00
   1.8700000e+00   3.4348244e+00
   1.8800000e+00   3.4740519e+00
   1.8900000e+00   3.7494519e+00
   1.9000000e+00   3.6385613e+00
   1.9100000e+00   3.7654762e+00
   1.9200000e+00   3.6057725e+00
   1.9300000e+00   3.5996543e+00
   1.9400000e+00   3.8558334e+00
   1.9500000e+00   3.9976420e+00
   1.9600000e+00   4.0919168e+00
   1.9700000e+00   3.7627587e+00
   1.9800000e+00   3.8552683e+00
   1.9900000e+00   3.8421302e+00
   2.0000000e+00   4.0488966e+00
   2.0100000e+00   4.0617916e+00
   2.0200000e+00   4.2715645e+00
   2.0300000e+00   4.0089245e+00
   2.0400000e+00   4.0172876e+00
   2.0500000e+00   4.2682897e+00
   2.0600000e+00   4.4051576e+00
   2.0700000e+00   4.2405783e+00
   2.0800000e+00   4.2556683e+00
   2.0900000e+00   4.4274214e+00
   2.1000000e+00   4.2887888e+00
   2.1100000e+00   4.4967700e+00
   2.1200000e+00   4.5897260e+00
   2.1300000e+00   4.5611172e+00
   2.1400000e+00   4.4176940e+00
   2.1500000e+00   4.6005699e+00
   2.1600000e+00   4.7007658e+00
   2.1700000e+00   4.9859518e+00
   2.1800000e+00   4.9374583e+00
   2.1900000e+00   4.8361806e+00
   2.2000000e+00   4.9949840e+00
   2.2100000e+00   4.8560162e+00
   2.2200000e+00   4.9695061e+00
   2.2300000e+00   5.1882209e+00
   2.2400000e+00   5.2422071e+00
   2.2500000e+00   5.1461296e+00
   2.2600000e+00   5.2248313e+00
   2.2700000e+00   5.1406134e+00
   2.2800000e+00   5.2941063e+00
   2.2900000e+00   5.1711364e+00
   2.3000000e+00   5.4298095e+00
   2.3100000e+00   5.3817851e+00
   2.3200000e+00   5.5126876e+00
   2.3300000e+00   5.4529119e+00
   2.3400000e+00   5.6286529e+00
   2.3500000e+00   5.6534736e+00
   2.3600000e+00   5.5500325e+00
   2.3700000e+00   5.6478835e+00
   2.3800000e+00   5.9194711e+00
   2.3900000e+00   5.7774324e+00
   2.4000000e+00   5.7971109e+00
   2.4100000e+00   5.8574223e+00
   2.4200000e+00   5.9098103e+00
   2.4300000e+00   6.0240762e+00
   2.4400000e+00   5.9521422e+00
   2.4500000e+00   6.0531717e+00
   2.4600000e+00   6.1302623e+00
   2.4700000e+00   6.2917765e+00
   2.4800000e+00   6.2354755e+00
   2.4900000e+00   6.4064477e+00
   2.5000000e+00   6.0652376e+00
   2.5100000e+00   6.2807130e+00
   2.5200000e+00   6.3760529e+00
   2.5300000e+00   6.4097503e+00
   2.5400000e+00   6.3893745e+00
   2.5500000e+00   6.6574649e+00
   2.5600000e+00   6.6312214e+00
   2.5700000e+00   6.7259478e+00
   2.5800000e+00   6.7753974e+00
   2.5900000e+00   6.6787831e+00
   2.6000000e+00   6.7542347e+00
   2.6100000e+00   6.8271942e+00
   2.6200000e+00   6.8708117e+00
   2.6300000e+00   6.9729550e+00
   2.6400000e+00   7.2125412e+00
   2.6500000e+00   7.0510099e+00
   2.6600000e+00   7.2074650e+00
   2.6700000e+00   7.0969788e+00
   2.6800000e+00   7.3805615e+00
   2.6900000e+00   7.1810908e+00
   2.7000000e+00   7.3499478e+00
   2.7100000e+00   7.3638547e+00
   2.7200000e+00   7.4813444e+00
   2.7300000e+00   7.5354894e+00
   2.7400000e+00   7.5821085e+00
   2.7500000e+00   7.9426356e+00
   2.7600000e+00   7.6051590e+00
   2.7700000e+00   7.7317782e+00
   2.7800000e+00   8.0917920e+00
   2.7900000e+00   7.7138273e+00
   2.8000000e+00   7.9013018e+00
   2.8100000e+00   7.8751291e+00
   2.8200000e+00   8.1185828e+00
   2.8300000e+00   8.0771603e+00
   2.8400000e+00   8.2305128e+00
   2.8500000e+00   8.1170310e+00
   2.8600000e+00   8.2693643e+00
   2.8700000e+00   8.4446504e+00
   2.8800000e+00   8.1056144e+00
   2.8900000e+00   8.2029896e+00
   2.9000000e+00   8.4540604e+00
   2.9100000e+00   8.4447343e+00
   2.9200000e+00   8.5151752e+00
   2.9300000e+00   8.5077856e+00
   2.9400000e+00   8.5901528e+00
   2.9500000e+00   8.7462379e+00
   2.9600000e+00   8.7624432e+00
   2.9700000e+00   8.7913541e+00
   2.9800000e+00   8.8559008e+00
   2.9900000e+00   8.9415718e+00
   3.0000000e+00   9.1607206e+00
