-98.6389
68.6941
-95.9471
-95.8983
-95.819
12.5217
-95.7213
37.2478
-93.9146
-27.2195
-93.6094
63.9332
-93.4935
11.3498
-93.4324
48.381
-92.6817
71.3248
-92.5718
-36.2774
-92.2117
78.9544
-91.0154
59.7766
-90.8933
-96.1486
-90.7834
-45.3413
-90.6308
33.6406
-90.1608
-43.4675
-90.0876
-80.7794
-89.8801
21.6163
-88.7753
47.1603
-88.4457
54.7655
-88.3297
95.1048
-88.1222
-41.0321
-88.1161
26.7495
-88.0367
-60.1856
-86.755
82.5251
-85.815
71.3797
-85.6868
-77.868
-85.5342
29.5999
-85.4366
75.4265
-84.6736
-0.436415
-84.4295
-42.4177
-83.3735
62.8346
-81.8659
5.16678
-81.4203
71.0868
-81.3593
-11.063
-80.8039
-87.6461
-80.517
60.0696
-80.401
-23.8868
-79.8822
-14.3712
-78.5516
-76.6167
-78.2159
-70.0674
-78.1243
-31.7606
-76.3421
37.7178
-75.8049
-23.1788
-75.6706
-24.4057
-75.5119
-9.76897
-75.103
87.9391
-74.2668
77.4957
-73.9616
-76.5679
-73.8212
-75.1823
-73.6625
-11.3071
-73.2536
67.4856
-73.1925
84.9178
-73.0705
-29.5083
-72.9972
84.1365
-72.7531
64.3727
-70.7877
-98.8952
-70.745
-57.7502
-70.043
-82.8425
-69.4815
24.5338
-69.2923
12.241
-69.2801
97.4181
-69.1946
61.449
-68.4133
31.431
-68.0593
52.2141
-67.3696
86.401
-66.5151
78.5028
-66.4785
-91.1313
-66.2404
-31.8705
-66.2282
28.4829
-66.1184
-0.338755
-65.9963
-40.7025
-65.978
64.8488
-65.5324
-87.4081
-65.4775
-66.8386
-65.0685
27.0913
-64.6413
-25.5287
-64.5924
-76.8853
-63.0909
-3.85449
-62.1265
86.8038
-62.096
-49.0768
-61.9678
90.6247
-61.0157
-28.312
-60.7776
-43.5102
-60.4968
89.4589
-59.6728
67.7053
-58.6291
90.8506
-58.5681
-64.037
-58.3422
71.1966
-57.9516
29.7159
-57.3656
-60.3198
-56.5844
-29.9234
-56.1144
32.6395
-55.7299
-99.4201
-55.4796
91.2961
-55.4674
-62.9872
-55.4613
-39.7687
-54.5396
-96.4415
-54.5335
62.8407
-54.4237
61.565
-54.2405
9.87884
-53.0076
37.0403
-52.8367
-2.41401
-52.0371
53.3921
-51.9211
-48.5519
-51.8174
75.3044
-50.4868
71.9291
-50.1938
-29.6548
-50.0046
-61.6382
-49.5407
94.3236
-48.8144
27.4087
-48.5519
6.72933
-47.6669
2.07221
-47.3922
-77.4712
-47.1114
27.7871
-46.7757
6.55232
-46.6964
71.6239
-45.8357
-83.3796
-45.024
41.026
-44.0901
-98.1384
-43.2173
-81.8354
-42.7839
62.2974
-41.2336
-53.6546
-41.203
75.9941
-40.8063
24.5033
-40.5805
0.0824
-40.5255
-33.7382
-40.4706
51.8479
-40.4645
-20.3833
-39.9945
-23.9051
-39.3719
23.6061
-39.3109
-94.818
-39.1766
-1.81585
-38.7066
-82.1833
-38.5479
23.545
-38.4747
2.92062
-38.2977
-34.8613
-37.8765
34.8857
-36.8023
60.6494
-36.6558
66.3625
-35.7524
5.17289
-34.9467
-55.1317
-34.7819
-49.1317
-34.4462
-40.4706
-34.0861
-22.721
-33.9763
-75.9331
-33.8786
88.6288
-33.5124
2.43843
-31.8094
94.2991
-31.6752
83.2575
-29.783
28.8064
-29.6854
9.33561
-29.3741
67.4184
-28.6233
68.5049
-26.6701
-6.21662
-26.5603
52.0432
-25.7729
-24.2714
-25.6203
86.9381
-25.3395
-94.5067
-24.9855
-51.8113
-24.2653
60.7471
-24.2531
57.5121
-24.2164
-57.5671
-22.544
74.5231
-22.3426
45.9517
-22.2022
86.8221
-22.129
21.6834
-21.9031
-94.8485
-20.5664
-18.6987
-19.8035
69.8538
-19.4128
5.96637
-19.2541
74.8955
-18.9856
12.7842
-18.6987
15.7811
-18.5095
35.667
-18.1066
-32.5175
-17.5207
76.9341
-16.4098
98.7426
-16.2694
-14.1453
-14.9266
28.9041
-14.6886
-79.6258
-14.6031
33.6283
-14.2003
48.3322
-11.1362
5.64898
-10.2268
44.3403
-10.1352
-23.1422
-9.89715
38.6456
-9.69573
-92.0042
-9.66521
-25.8034
-9.60417
-47.85
-7.87072
28.1411
-7.65099
98.3215
-6.22272
54.0208
-5.92975
1.32145
-5.71612
-99.0356
-5.15458
-95.6847
-5.14237
-33.9396
-4.83718
60.0696
-3.57982
36.137
-3.50047
-42.6435
-3.43333
-24.6742
-3.39061
-41.2824
-3.36009
-85.4732
-2.5605
55.7115
-2.07221
99.0905
-1.20548
-51.9456
-0.759911
50.9384
-0.631733
-47.1541
-0.241096
1.42521
0.967437
-49.9313
3.14035
51.1093
3.46995
70.7266
4.23902
12.7415
4.56862
-66.2465
4.96536
-6.25935
6.86361
-61.9373
7.36412
74.3156
7.57775
15.8727
8.03552
-62.4378
8.9816
-46.379
9.06095
7.80969
9.653
86.7489
9.69573
-46.672
9.83612
74.4865
9.87884
-90.1791
10.8371
-38.9508
11.2766
80.8527
12.418
29.3497
12.7171
71.4103
13.4922
53.5752
14.6153
11.0446
14.8289
56.798
15.1402
22.6051
15.36
-19.9988
15.7506
92.9685
16.4525
-31.4249
16.831
-98.0224
17.3009
82.7265
19.8035
65.8315
20.9143
-62.1143
21.6529
-48.8571
22.074
81.5729
22.1717
-83.9778
23.6793
12.6621
23.9723
-65.7094
24.5643
49.6445
24.6315
59.1845
25.7118
-46.1531
25.84
82.7448
26.3222
-85.9432
26.3405
47.1908
26.426
-1.32145
27.3843
-35.551
27.4514
81.7377
27.8481
0.204474
28.0618
-51.0361
28.6599
78.5516
29.1177
-9.79339
29.667
-36.2896
29.9539
-15.6163
30.3018
-25.1137
31.016
-16.6478
31.5104
-9.44548
31.7179
0.7416
33.7504
98.5351
34.5195
-87.7804
34.6782
-52.0676
35.3435
73.2658
35.7402
-40.6598
36.1064
60.7959
36.3323
49.4736
36.3689
44.8775
37.0952
26.4809
37.3272
-3.23801
37.3333
-87.756
38.0718
39.4879
39.2193
-52.0859
39.7931
-52.6841
40.2936
-61.211
40.3302
-99.7375
40.5805
95.0194
40.6842
99.939
42.3139
24.1554
42.7534
-47.0687
43.4492
32.017
43.4553
28.1411
44.0352
-12.0945
44.1755
94.0245
44.8225
-89.4101
45.0056
42.3078
45.8052
-68.7979
45.9395
4.18409
46.4278
-10.6235
47.496
65.4225
48.3444
-81.2067
48.4237
86.4559
49.1562
78.4967
50.1694
33.8908
50.2121
-13.9439
51.0605
-70.4703
51.0788
-90.9299
51.7563
23.2826
52.3911
71.0196
52.5193
96.0753
52.5315
27.8237
52.5559
99.1516
52.9099
71.4225
54.2894
35.96
54.4786
16.5075
54.5579
92.7915
55.1683
26.7129
59.5386
-75.4143
60.1367
36.5154
60.4907
-97.9858
61.3514
25.0954
62.4989
26.1574
62.5355
98.3886
62.9444
-83.0317
63.8356
35.5815
64.6046
-18.0761
64.7633
56.3402
65.1662
-29.136
65.5629
64.9709
66.5578
23.5206
67.0461
-72.2221
67.5161
15.7994
67.7602
39.9213
67.7725
-88.8058
68.395
-62.1204
68.8711
-76.4824
70.1346
13.9805
71.2271
-2.85348
72.2343
89.0683
72.3258
11.2033
72.6066
99.6094
72.7958
13.7425
73.6076
55.5651
74.0593
92.2605
74.2607
-74.8222
75.2007
-13.1565
75.3777
2.94504
75.4082
52.0737
75.4326
17.0751
75.5058
74.0776
75.9209
-67.3635
76.0674
-51.1765
76.7998
-93.3348
76.9524
-71.8986
77.4773
-48.5397
78.161
39.2438
78.3746
-37.6385
79.1864
-15.0731
79.1864
66.1794
79.5099
-70.6046
79.7845
-53.3677
79.8029
77.1477
80.2789
-97.0214
80.3461
50.499
80.8344
98.0651
81.988
-27.7566
82.3664
-47.9171
82.5556
59.6301
83.2881
-61.6504
83.4284
35.8745
83.5322
-62.804
83.5444
-34.4218
83.9167
4.3672
83.9473
20.1514
84.2708
-89.9045
85.3572
-20.4016
86.7489
-94.8363
87.0602
-23.0934
87.4996
70.1346
87.7926
91.1924
88.6349
-95.9716
88.8302
95.996
89.7458
-91.229
89.758
-31.1319
90.5698
25.4982
91.2168
68.5537
91.4792
79.1314
92.23
-14.0294
92.5779
87.3959
93.4141
-24.6925
94.1588
-9.50041
94.3541
-28.5745
94.3724
57.8539
95.5992
99.8413
95.9838
-72.1244
96.3134
85.5342
96.3561
-62.6331
96.4721
66.8569
96.6735
96.5026
96.997
20.7312
98.1445
-34.196
98.2604
-94.5189
98.2727
-8.62758
99.0905
-72.5822
99.1638
-45.5489
99.9634
37.5713
