-96.6002
-5.33158
-96.0021
-44.377
-94.8485
-8.1698
-92.7305
-5.6917
-92.1018
0.772118
-91.7173
-33.1095
-81.9514
90.8139
-81.9208
-21.2928
-81.9147
-57.0177
-79.162
-43.9131
-76.9219
67.9128
-73.6686
57.4267
-68.7979
-44.6272
-62.5477
68.9871
-61.9251
86.7183
-61.504
-33.2316
-60.2771
41.3984
-59.5813
-74.395
-57.3107
28.9895
-56.8041
-43.2295
-56.1205
77.752
-55.4186
55.388
-54.3687
11.1057
-53.4837
38.7982
-48.3932
43.3088
-48.0636
-42.7168
-47.5448
-74.572
-46.1592
58.2202
-45.6282
73.0461
-45.6038
-14.9937
-44.6211
6.74764
-42.6679
-7.91955
-36.9243
-63.1153
-31.7118
57.1093
-29.2398
23.6305
-29.1726
71.746
-27.1279
-56.3219
-26.6457
-7.84021
-25.9011
94.9034
-21.7566
-69.4449
-20.0049
70.0613
-19.718
68.9444
-18.2958
-69.0115
-14.6275
-23.5145
-12.1311
-85.6441
-4.62966
11.5513
-4.28785
-99.646
-2.37129
-10.1962
-2.28584
75.5242
-0.607318
-0.430311
2.44453
-79.0826
3.20139
-54.2894
8.12098
-42.9792
10.9714
-96.7467
13.535
-23.5755
21.9825
62.0411
28.2388
-4.25733
29.3191
-56.3524
29.3863
57.8722
31.6752
71.8436
36.8694
-84.106
41.5143
-22.2388
48.8937
-70.0858
49.7482
-78.8812
52.324
7.94397
56.8224
8.71914
59.7644
-77.7215
64.098
91.4304
66.9057
32.4686
70.7022
-79.0643
73.1315
-53.8438
74.4255
-52.4522
76.0674
-50.8835
81.2738
40.2387
83.2087
-64.3849
84.93
-89.8434
85.8272
70.4886
90.9665
-80.9626
94.9461
-85.992
99.0295
53.4715
