-98.8342
18.2775
-96.6063
36.4666
-95.5748
37.3394
-94.8485
-10.2206
-94.4151
-45.616
-92.5291
-7.58385
-92.3643
-52.1897
-91.6562
99.3835
-90.2646
-42.6801
-90.0021
-29.4046
-89.9533
-54.8936
-88.0978
71.3309
-86.6878
-50.4624
-85.8943
5.80767
-84.4661
-62.2364
-84.228
40.2936
-84.2219
-36.6436
-84.1548
-28.1594
-83.9534
35.2397
-83.2026
-0.936918
-82.3725
4.27564
-81.3776
-48.9853
-80.6574
73.6442
-78.8873
-69.396
-77.8741
39.256
-77.5628
-71.3187
-73.8639
66.5822
-72.161
65.0746
-72.0939
-90.0266
-67.8701
12.8086
-67.2597
-19.1137
-66.9912
61.8458
-66.9179
-28.8797
-65.801
-21.5613
-64.7877
37.431
-63.9271
-83.4651
-63.8295
53.6912
-63.2923
-62.7125
-63.1031
-63.1092
-62.5355
-6.91855
-62.4805
-46.7635
-61.1133
-67.7602
-59.856
10.538
-59.2273
-19.2907
-58.5253
43.1928
-55.9313
56.8896
-55.7909
96.0143
-52.4094
-24.0028
-52.2263
13.1077
-51.1765
-99.939
-51.1216
-61.8946
-50.6943
89.9167
-48.6373
-68.041
-47.1419
-84.6431
-46.0311
-85.4488
-45.8541
-20.1697
-45.3658
36.4299
-43.5224
-84.3135
-42.1064
86.7977
-41.2214
-93.4385
-39.5245
44.1694
-38.8409
92.7915
-37.5225
-24.2225
-36.8816
-83.5994
-36.0881
-7.90124
-35.6609
-38.2488
-34.3852
62.7125
-34.0007
-51.8601
-33.5124
-0.308237
-33.488
30.5887
-33.3293
14.8839
-29.5511
65.1173
-28.5623
-42.7717
-28.4158
-5.29496
-28.3853
36.4177
-27.8787
12.2166
-26.9997
-60.8875
-26.3344
56.4928
-26.2612
-55.9496
-23.2521
97.9492
-22.8797
-57.8722
-21.775
-30.1798
-21.4515
-32.0719
-20.7312
1.42521
-20.3528
-51.2741
-19.1687
9.57366
-18.3081
77.3858
-17.3864
-95.5504
-16.8188
-84.6919
-16.1351
66.2099
-15.659
31.7179
-14.6702
-51.5061
-13.6692
85.5159
-11.124
65.2333
-10.184
-44.0352
-7.77917
16.7699
-6.72323
28.4829
-5.90533
-88.2015
-5.09354
41.7035
-5.05081
41.2275
-3.98267
2.16376
-0.570696
-39.8114
0.521867
-27.195
0.869778
34.611
0.930815
41.5693
1.86468
8.37123
2.82296
76.2627
2.95114
47.4899
3.29905
-27.9275
3.34178
17.5024
4.98978
-2.10883
5.81988
50.2731
6.54012
-52.3179
8.57875
-43.498
8.9877
-96.7895
9.45158
-59.7583
9.58586
-85.6624
9.8178
-28.4524
10.5441
3.15256
11.478
73.6137
12.2776
-1.83416
12.5767
80.6207
12.656
4.85549
13.2969
-77.4834
14.9571
18.7719
16.4953
-6.96738
16.6051
87.4691
18.0944
57.0849
22.6112
-72.4723
24.2531
53.972
25.1747
2.90841
27.2073
52.4339
27.781
-29.1421
32.1085
-86.0042
32.9936
-98.3337
33.0912
-79.284
33.2377
-21.4881
33.4269
-76.3726
35.1543
83.5749
35.5327
68.1753
37.4615
-23.1788
38.1207
52.8123
40.9528
73.5588
41.7707
-22.8858
42.6862
-72.9606
45.024
-64.5009
45.6465
22.483
45.793
13.0039
47.3006
-11.4353
52.8367
39.1644
54.1307
32.8715
55.3026
-43.553
55.8214
-92.7427
56.0167
-40.6781
56.5844
9.72625
57.1215
60.271
58.0004
-71.2943
58.6535
39.079
59.6484
36.2957
59.8315
31.492
60.2527
36.5093
62.0289
-86.3521
63.2313
74.8589
64.0553
-61.6016
64.2933
-84.4478
64.4887
-20.1025
65.8803
-7.5045
66.039
42.5764
66.393
40.3241
66.9179
-9.12809
67.0888
-88.1222
67.6138
-44.1023
67.6687
88.1405
67.8579
-24.6864
67.9678
87.0602
68.0837
-77.3858
68.4378
77.4651
68.7185
82.2138
70.7572
-95.764
70.9159
26.3466
70.922
31.1747
71.3797
-49.6811
73.0522
7.55333
74.0959
-77.8924
74.7368
-35.136
77.0379
2.70699
77.044
-50.1572
78.0999
93.3958
79.6258
0.0885037
81.2311
66.2587
81.2616
-31.5287
82.2321
34.1288
82.4641
2.68258
87.7682
-83.7703
89.3002
86.0652
90.9299
-44.2244
94.8302
-53.9842
97.8027
-54.2161
98.8037
-63.7135
99.2859
19.3213
