-91.2961
-53.5813
-88.7875
5.96026
-88.7387
74.4804
-88.6898
23.6427
-85.8577
2.75582
-84.3013
-54.6129
-84.2402
11.5513
-82.3603
-87.1578
-81.4875
-53.7095
-64.7572
69.4327
-64.6718
-91.1435
-63.0909
32.3283
-62.9322
-44.4197
-61.919
24.2164
-57.0788
-66.9362
-53.8255
46.0982
-50.9995
83.2392
-47.9232
-27.7078
-43.8765
-51.2925
-41.0443
-50.9568
-30.7657
9.83001
-25.8644
-22.1961
-22.8126
-15.3905
-22.1778
64.5985
-19.4861
22.7821
-18.7353
16.6295
-15.7506
-74.7368
-12.2776
67.3879
0.106815
20.2734
4.30006
11.5452
11.3987
27.2866
12.3569
30.8817
14.7557
-59.8193
17.2033
92.4009
17.3132
60.7715
18.2409
-99.9329
41.4655
13.9439
42.5886
81.2433
42.8571
75.7317
45.1216
-10.8921
47.4837
45.4939
47.5143
2.47505
47.5448
-6.5096
48.0819
-96.0326
51.5366
-84.8628
78.3441
18.0639
82.5678
23.0934
87.1822
90.1059
89.0744
-91.4975
97.8637
-12.3875
