-50.914
21.72
-52.3667
-80.4315
-88.7204
43.9924
-68.7918
86.8465
48.0148
-59.6423
55.6017
73.5893
6.89413
-90.112
-2.07831
-74.5231
-80.2667
50.6027
83.7825
-93.1761
-29.7403
-18.656
46.5499
-52.3301
77.8191
-84.3379
30.8329
-41.5387
-21.6529
-56.1266
-28.7271
18.5583
83.8984
-20.4566
-21.9459
-55.2232
1.87078
-73.2963
60.2466
46.3546
95.3307
-75.9575
18.2958
-27.6162
-34.5012
22.2449
36.9732
58.1591
37.8704
-49.1745
9.84832
76.5435
-67.0156
-69.3411
-73.2414
0.711081
3.31126
-11.5635
-44.6333
84.4417
-82.6777
-70.6229
-51.8967
66.2099
72.1366
24.3263
5.78936
3.45164
-84.106
-32.371
29.0933
-56.9628
-38.8226
-38.1085
89.2026
-65.569
-29.3497
85.9859
-51.1948
-8.40175
96.2828
2.49336
-35.2153
-89.9777
53.2579
-39.1339
-96.2584
-54.9364
-90.0388
-47.4899
-98.291
57.8784
-24.7719
-25.9011
99.2187
-64.8366
-35.9478
55.3514
-16.9774
88.995
-76.8731
7.44346
-34.2631
42.9731
97.3693
-51.5183
34.5744
-89.0316
18.6865
-37.907
0.479141
-25.309
-1.66326
-54.5091
-21.073
-33.7016
-96.0387
3.26243
33.6161
62.4134
2.70089
43.083
14.243
95.6297
-48.4725
-70.3421
-80.2301
-10.0803
-83.8557
53.1175
18.2104
-73.9311
99.6033
68.0654
54.4176
43.4675
61.9495
59.6545
-23.0689
-15.537
-87.817
92.822
-84.7285
87.5546
-46.3485
0.97354
38.8409
-64.3483
64.2689
-29.5999
28.7149
65.6972
-7.29087
-23.3863
-6.39363
-54.2161
51.9395
28.9163
-38.8165
26.2307
-8.84732
79.4061
-23.9479
-29.4168
-72.4235
-47.3373
-64.4032
73.0888
-80.7672
-47.5265
-4.97757
-31.3761
59.9902
-98.3642
72.7287
41.5632
78.0999
71.3248
87.347
39.6161
-80.4437
-43.9253
57.6586
99.1028
97.4242
-49.1928
96.6857
87.701
88.4213
85.9859
31.1319
71.099
-41.9294
77.2271
77.4895
9.69573
95.5992
45.6771
-93.994
91.6501
39.787
-34.7209
-76.1345
8.43226
77.1905
-6.71102
-91.3633
-20.6519
-6.20441
-59.8193
23.5145
30.9793
61.4917
35.3374
-54.7166
-61.9251
40.5133
44.6272
-63.3961
-68.0471
79.1742
96.2218
-6.47908
-17.2277
92.1445
70.8487
99.7192
-38.1878
98.4313
-87.2372
-81.3654
90.2097
-99.6033
-82.3481
-45.2864
-19.895
-14.8778
-46.2447
-84.9544
74.7856
29.1177
72.4479
-97.3327
-6.23493
87.9757
64.4887
-27.2866
-10.6967
51.915
18.2653
82.7631
20.4138
48.6801
36.2346
-31.4798
50.7553
-25.1381
-34.2082
-23.8075
76.5984
37.0952
-99.1455
-17.2948
91.0886
84.1426
-89.581
35.0871
91.1191
11.3742
-49.7177
40.2448
-66.9973
18.6743
14.2613
-63.6158
-56.7309
3.14646
81.0663
77.2942
90.7285
67.8152
-86.8221
60.7837
26.1574
27.6406
63.8905
-67.4551
-4.2024
93.9817
-51.1765
-3.39061
-65.0502
18.8696
-61.8763
-36.314
-52.1531
80.3156
-74.34
68.7307
80.1813
-10.2145
-68.6514
88.7692
-9.62249
-96.6613
-6.98569
92.4863
26.017
17.4108
-96.118
52.6231
-88.4701
-69.3594
52.0798
-47.441
-46.4644
53.0198
-81.7011
-81.7377
-30.0882
43.4797
87.9635
6.90634
49.0341
-42.7107
-66.0024
-16.6784
-54.6922
84.4722
26.7129
-84.3379
17.2765
-39.5611
26.7006
-78.5882
-85.4671
-69.7684
-82.6472
95.0377
-80.2118
-52.5803
-67.0217
-51.4451
-47.8378
-10.9226
38.9203
-3.78124
-61.8519
-31.962
-80.1752
14.5909
-43.6628
-76.3909
-67.5344
9.29289
62.2608
-27.8848
-20.8533
19.5837
-0.466933
-1.58391
-41.8561
-7.85241
-96.3866
-30.3201
-52.6902
55.2171
4.35499
52.7268
-22.837
24.369
33.6222
16.0802
-50.3403
71.2027
-55.6932
98.059
-41.0993
-13.8524
46.8368
22.1473
-29.9173
-33.3048
-30.4239
-59.1357
-87.1334
-37.7911
-50.7248
-10.6113
-54.503
-93.3042
57.8295
30.2164
-54.21
70.69
71.6788
70.098
-14.5787
63.4693
-10.0436
