-81.756
43.1684
-81.6279
29.0017
-79.4061
-12.2715
-75.4082
8.44447
-74.517
72.1854
-70.6046
70.3848
-66.155
35.1299
-63.5487
-11.8625
-52.5254
-29.6731
-42.1613
9.72015
-39.2926
-53.3372
-36.3262
87.3043
-27.8481
-76.2078
-21.1829
-31.9132
-13.5105
19.7302
-9.92767
52.739
-7.96228
86.6756
-5.53911
27.6101
-5.21561
51.2436
0.97354
-22.9163
6.3448
-24.5277
18.0578
-17.7587
24.6376
94.702
32.5968
-87.9269
36.9366
-11.3193
63.0177
13.5777
64.5375
-57.8173
67.5649
6.85141
87.5546
51.2558
95.5565
91.6074
