9.34782
-40.9955
85.6807
-56.5661
62.5965
-89.465
2.32856
-35.4778
31.9315
67.6199
47.1358
-52.0249
-70.0674
22.6966
52.2324
68.9627
-83.6665
-59.1968
89.8007
-90.9055
-48.1429
-76.9341
6.55232
-22.0557
58.6962
-49.7055
18.0029
55.2355
-81.1396
12.8574
-56.2548
10.0131
41.7035
-66.8142
-35.0017
53.032
31.8033
87.109
85.6624
78.5394
-11.5024
-69.7989
-21.8726
51.854
-31.6691
-64.452
-4.83108
98.7915
-58.4155
49.0036
28.9834
53.3616
-25.7241
68.334
-1.14444
-80.0775
66.7348
52.4216
48.5397
5.99689
-19.9194
-33.1889
34.6538
-17.9357
81.8842
71.8009
-12.656
24.5521
-57.8417
59.3677
-75.5058
98.2971
-88.9523
45.2254
-99.353
-65.331
9.36613
22.1351
71.9962
-38.2977
-36.7473
80.8405
58.5803
-57.6098
-85.6685
4.81277
-14.9266
-22.5745
36.3872
-54.9059
81.2738
28.6905
-10.0436
-18.5583
23.6305
19.657
46.1409
76.0674
99.06
68.9993
10.7089
26.194
-27.7871
-86.3216
-20.0842
-78.2891
-62.4012
77.7215
59.1418
-85.8699
37.6446
42.9243
75.7256
3.15256
-71.9474
-22.1961
17.2033
47.0138
71.6971
80.9809
26.1025
-97.0336
-57.7807
95.2452
82.7204
-95.9532
18.7475
48.619
6.98569
-21.543
52.7268
-21.4026
-89.2575
17.716
-11.5757
95.8434
-68.3462
-0.0518815
18.1249
-56.4379
-19.9927
74.4987
-46.7086
8.90225
-70.3665
-85.9493
-6.88192
-57.5365
-15.714
-59.3066
71.4713
42.3444
50.5722
-68.0471
63.6708
-41.1786
48.8449
13.2115
34.2936
76.0308
-6.82699
-57.3046
7.18101
-73.162
-28.2022
95.3063
39.0057
97.1679
59.1052
51.4756
77.6299
-24.015
90.5759
-2.59713
-13.6204
7.3397
-68.1387
42.8755
15.7384
0.479141
-26.7434
62.8529
-96.6185
-45.4573
80.755
-30.7962
84.1426
-46.147
-64.9403
18.7292
-9.16471
-9.77508
-10.2756
63.7562
-72.4906
68.4683
-20.3345
-48.4054
96.0753
51.3047
11.3193
-20.9387
57.7563
0.0457778
-34.312
8.29798
10.5869
67.1926
45.555
-49.7848
-35.8806
97.2167
-1.96234
21.7383
-7.30918
-8.1576
43.8398
83.1416
48.4054
-3.98877
44.3525
61.6749
-84.8201
-39.2193
-62.1082
-32.1574
-14.9388
-60.5457
-23.6061
-89.5444
37.9925
-26.8593
-6.36311
16.7516
-93.5911
22.0374
36.4605
63.8722
5.83819
98.6633
-9.92157
-72.0756
12.7354
-40.7331
-71.221
56.8651
