-99.1577
35.7646
-94.8973
68.8101
-91.7844
61.2659
-90.9299
-75.5608
-86.6085
-45.1582
-85.1253
-77.1966
-81.8842
-71.6727
-81.7804
23.6854
-80.7367
99.7681
-75.988
8.44447
-72.5761
-28.1472
-71.9108
35.9783
-68.7246
85.7967
-67.8762
-22.7882
-61.1682
81.7438
-59.6057
9.38444
-58.6718
97.1801
-52.2141
51.3169
-49.5041
-65.5812
-47.5143
-79.0765
-46.2996
-71.4835
-43.7788
-3.65307
-43.1684
-53.2151
-43.083
61.6932
-41.4777
51.2253
-41.2763
-81.0663
-40.1471
55.0951
-39.7382
47.0077
-37.8521
-95.1353
-36.4788
89.4162
-36.4177
-81.1457
-32.4381
51.6221
-31.8766
13.6448
-30.076
-10.538
-25.0038
-50.2304
-23.0018
69.8172
-19.5105
-72.2831
-18.5766
-15.2318
-18.3691
-34.3974
-13.8707
0.595111
-10.0009
-10.3061
-9.41496
22.6905
-7.59606
69.1214
-6.27766
-42.1735
-4.3672
-74.041
-4.21461
-45.0972
-1.44353
-48.0453
-0.387585
5.41704
-0.173956
63.1458
3.01828
85.0581
3.25632
23.5694
4.55641
-82.5678
6.85751
-30.5155
12.186
-58.5559
12.6988
-34.8979
12.7354
-36.7046
13.4068
-78.7225
15.0121
74.6452
15.3294
-91.6807
17.7099
-82.0978
18.0212
-5.77105
18.7536
80.1752
21.3721
39.5001
22.0618
96.82
22.3853
-20.0964
24.9123
46.1592
30.2713
28.3364
30.369
16.3915
31.1686
-72.8874
32.7006
25.9926
32.7372
81.8659
33.2133
78.9544
37.2662
-91.6684
37.6507
-64.0309
38.5357
23.3375
40.9894
82.9463
41.9172
11.0935
53.5691
77.9656
54.8448
-3.82397
55.9496
-41.9172
57.1032
-45.5977
57.3351
87.0785
59.5264
-7.1749
59.8254
-74.4926
60.8875
-69.866
64.452
-95.7213
64.4826
8.69472
67.748
82.9646
69.9149
69.4632
70.0919
-25.8889
70.7205
21.0547
71.5018
14.9144
72.9789
-65.7826
75.4021
67.2842
75.8965
-7.06503
77.5445
27.7444
80.2545
33.372
89.6237
-71.6422
94.1221
-97.9553
97.6012
9.88495
